1002000000000000101
1002000000000000102
1002000000000000103
1002000000000000104
1002000000000000105
1002000000000000106
1002000000000000107
1002000000000000108
1002000000000000109
1002000000000000110
1002000000000000111
1002000000000000112
1002000000000000113
1002000000000000114
1002000000000000115
1002000000000000116
1002000000000000117
1002000000000000118
1002000000000000119
1002000000000000120
1002000000000000121
1002000000000000122
1002000000000000123
1002000000000000124
1002000000000000125
1002000000000000126
1002000000000000127
1002000000000000128
1002000000000000129
1002000000000000130
1002000000000000131
1002000000000000132
1002000000000000133
1002000000000000134
1002000000000000135
1002000000000000136
1002000000000000137
1002000000000000138
1002000000000000139
1002000000000000140
1002000000000000141
1002000000000000142
1002000000000000143
1002000000000000144
1002000000000000145
1002000000000000146
1002000000000000147
1002000000000000148
1002000000000000149
1002000000000000150
