1002000000000000001
1002000000000000002
1002000000000000003
1002000000000000004
1002000000000000005
1002000000000000006
1002000000000000007
1002000000000000008
1002000000000000009
1002000000000000010
1002000000000000011
1002000000000000012
1002000000000000013
1002000000000000014
1002000000000000015
1002000000000000016
1002000000000000017
1002000000000000018
1002000000000000019
1002000000000000020
1002000000000000021
1002000000000000022
1002000000000000023
1002000000000000024
1002000000000000025
1002000000000000026
1002000000000000027
1002000000000000028
1002000000000000029
1002000000000000030
1002000000000000031
1002000000000000032
1002000000000000033
1002000000000000034
1002000000000000035
1002000000000000036
1002000000000000037
1002000000000000038
1002000000000000039
1002000000000000040
1002000000000000041
1002000000000000042
1002000000000000043
1002000000000000044
1002000000000000045
1002000000000000046
1002000000000000047
1002000000000000048
1002000000000000049
1002000000000000050
1002000000000000051
1002000000000000052
1002000000000000053
1002000000000000054
1002000000000000055
1002000000000000056
1002000000000000057
1002000000000000058
1002000000000000059
1002000000000000060
1002000000000000061
1002000000000000062
1002000000000000063
1002000000000000064
1002000000000000065
1002000000000000066
1002000000000000067
1002000000000000068
1002000000000000069
1002000000000000070
1002000000000000071
1002000000000000072
1002000000000000073
1002000000000000074
1002000000000000075
1002000000000000076
1002000000000000077
1002000000000000078
1002000000000000079
1002000000000000080
1002000000000000081
1002000000000000082
1002000000000000083
1002000000000000084
1002000000000000085
1002000000000000086
1002000000000000087
1002000000000000088
1002000000000000089
1002000000000000090
1002000000000000091
1002000000000000092
1002000000000000093
1002000000000000094
1002000000000000095
1002000000000000096
1002000000000000097
1002000000000000098
1002000000000000099
1002000000000000100
